2
191 95 0
153 139 0
190 142 0
193 136 0
181 118 0
166 142 0
194 138 0
219 137 0
205 189 0
191 147 0
141 176 0
147 186 0
180 160 0
177 191 0
153 189 0
179 164 0
207 136 0
196 170 0
182 174 0
165 152 0
153 184 0
180 166 0
182 90 0
217 142 0
209 122 0
202 156 0
191 182 0
177 198 0
165 168 0
156 172 0
195 176 0
227 148 0
221 183 0
221 162 0
209 190 0
173 176 0
185 126 0
148 166 0
164 191 0
234 183 0
234 146 0
219 122 0
198 101 0
243 108 0
225 172 0
184 201 0
146 219 0
185 202 0
217 204 0
221 204 0
203 225 0
173 198 0
155 194 0
158 205 0
222 206 0
232 179 0
247 150 0
232 207 0
232 215 0
183 227 0
142 211 0
183 224 0
212 219 0
231 220 0
245 187 0
247 186 0
249 183 0
258 181 0
261 178 0
177 191 0
465 165 1
345 159 1
305 197 1
308 233 1
370 166 1
367 214 1
338 222 1
333 222 1
312 235 1
373 195 1
386 234 1
345 203 1
294 239 1
300 253 1
301 211 1
286 252 1
299 278 1
257 222 1
260 187 1
294 181 1
262 208 1
267 205 1
291 216 1
296 198 1
285 234 1
337 251 1
379 208 1
358 190 1
349 198 1
347 182 1
323 187 1
332 171 1
382 155 1
407 174 1
400 233 1
391 261 1
381 189 1
414 180 1
415 205 1
434 184 1
446 174 1
447 184 1
453 170 1
402 166 1
394 261 1
442 177 1
417 235 1
384 248 1
358 258 1
375 224 1
342 269 1
376 284 1
453 233 1
467 184 1
443 308 1
347 367 1
282 357 1
354 278 1
410 264 1
385 317 1
323 349 1
325 296 1
323 306 1
346 327 1
375 335 1
385 327 1
345 328 1
294 369 1
349 370 1
429 289 1
436 206 1
473 274 1
411 349 1
269 313 1
265 286 1
304 252 1
275 351 1
353 333 1
388 290 1
377 302 1
355 314 1
325 307 1
284 333 1
311 322 1
320 303 1
308 333 1
308 297 1
384 221 1
441 238 1
466 291 1
458 302 1
446 260 1
440 282 1
429 290 1
430 249 1
427 212 1
419 201 1
415 166 1
422 158 1
445 166 1
447 251 1
481 175 1
477 206 1
459 267 1
445 314 1
419 344 1
353 363 1
340 375 1
433 375 1
468 324 1
491 233 1
493 193 1
506 218 1
468 348 1
356 398 1
309 398 1
320 395 1
405 402 1
416 398 1
446 393 1
469 382 1
483 370 1
515 314 1
522 296 1
522 267 1
512 234 1
494 302 1
488 311 1
505 265 1
567 238 1
567 246 1
541 343 1
525 387 1
476 401 1
389 424 1
343 426 1
313 431 1
287 419 1
287 415 1
287 390 1
444 411 1
457 388 1
513 350 1
550 174 1
479 156 1
465 146 1
501 173 1
521 187 1
568 216 1
553 197 1
499 155 1
425 162 1
399 169 1
415 150 1
466 145 1
460 121 1
410 148 1
421 226 1
336 332 1
314 369 1
368 399 1
503 410 1
565 256 1
571 218 1
474 394 1
384 404 1
385 416 1
357 176 1
431 414 1
431 250 1