216 203
216 210
213 228
212 230
209 221
187 217
205 255
223 256
241 234
239 221
207 262
202 266
186 238
184 234
176 274
216 308
224 290
226 278
244 258
241 304
230 315
173 317
204 243
191 206
170 183
242 185
249 253
244 303
222 327
189 300
172 238
164 250
181 324
241 324
262 282
275 246
280 234
280 214
285 279
294 204
299 291
325 255
309 238
301 231
280 271
299 238
288 214
317 174
324 244
325 294
274 291
274 232
312 181
334 226
337 275
319 314
300 314
279 349
352 355
349 328
331 323
309 325
320 262
337 209
346 274
351 322
342 259
345 238
337 210
314 186
306 182
260 203
303 257
285 304
280 313
337 340
364 293
360 233
355 188
335 160
315 168
315 178
421 225
429 189
407 196
405 209
369 322
409 310
416 268
407 238
377 262
417 234
425 230
453 194
458 192
470 195
469 166
432 225
453 282
451 307
440 326
470 326
499 184
471 184
444 227
440 271
469 303
478 313
519 244
480 208
467 219
477 186
452 242
465 287
489 261
490 281
484 246
497 307
500 314
521 286
526 271
511 281
505 242
505 252
503 278
499 214
479 205
529 194
529 245
542 270
543 283
531 301
493 333
489 343
482 344
472 357
433 364
272 448
257 453
233 419
234 338
241 389
233 437
303 382
298 330
263 341
253 399
292 426
309 367
258 397
286 425
323 394
324 353
262 401
286 426
307 447
299 417
305 370
302 372
286 376
232 449
225 461
208 414
209 421
256 452
234 404
230 363
253 398
271 416
249 367
228 366
205 361
252 419
266 392
265 367
247 387
242 410
249 395
254 409
482 376
446 388
460 414
448 373
493 350
502 336
511 417
538 330
530 304
523 376
526 376
525 425
537 386
555 358
581 396
575 374
556 333
527 370
460 420
467 436
544 421
582 404
573 445
578 442
579 426
575 419
565 435
565 437
550 322
565 350
665 421
677 416
715 458
676 516
677 506
671 448
616 435
607 448
578 446
578 460
582 501
642 553
656 529
651 507
666 455
678 474
638 439
640 420
663 461
677 468
661 441
661 419
685 467
710 492
734 513
745 533
675 486
656 469
627 488
622 478
613 505
617 555
642 576
657 595
691 609
726 579
750 544
752 532
733 540
730 585
671 590
678 570
636 599
625 588
613 578
610 560
614 568
611 406
597 419
596 425
592 418
772 567
