107 90
98 121
96 136
100 168
112 170
134 166
140 139
115 132
118 146
143 113
185 103
190 158
151 203
99 210
74 160
89 108
194 69
176 137
161 157
164 172
70 104
80 85
93 98
123 84
159 79
167 141
229 177
169 210
130 222
53 179
37 152
64 124
76 197
117 201
127 174
145 192
104 173
104 151
70 145
72 148
89 86
115 62
176 99
199 155
232 176
337 178
853 130
838 109
784 98
756 169
826 158
763 117
789 176
812 152
804 108
772 134
768 148
750 97
762 85
743 126
753 163
832 170
851 99
812 83
807 79
872 113
845 170
757 208
709 167
713 121
723 217
849 227
836 172
828 183
812 221
806 193
781 148
781 102
832 87
901 147
879 189
845 176
862 146
875 132
861 78
789 89
785 138
820 158
448 380
519 370
525 418
485 412
485 370
443 365
441 330
425 417
493 447
535 426
462 372
464 361
490 345
473 346
454 339
446 373
467 400
508 422
443 406
422 396
423 441
561 475
544 395
509 380
483 440
439 436
481 422
506 448
453 451
453 448
460 404
462 462
523 482
525 444
585 384
452 327
412 374
408 457
441 468
389 417
396 380
468 363
511 361
518 452
514 452
475 367
565 319
573 389
525 438
426 431
394 354
404 331
485 388
486 396
