2
65 56 0
22 54 0
48 82 0
61 65 0
49 69 0
41 105 0
80 72 0
83 53 0
79 33 0
51 66 0
78 94 0
47 66 0
65 43 0
54 50 0
28 66 0
36 88 0
45 101 0
80 127 0
86 118 0
62 110 0
39 146 0
49 126 0
35 80 0
44 64 0
51 122 0
82 104 0
75 76 0
52 110 0
51 94 0
29 88 0
28 85 0
59 113 0
83 135 0
81 114 0
79 110 0
69 114 0
93 74 0
86 99 0
77 50 0
69 44 0
99 66 0
118 76 0
118 139 0
61 150 0
39 91 0
32 93 0
62 71 0
74 80 0
103 114 0
110 113 0
110 94 0
92 78 0
94 101 0
60 81 0
15 116 0
54 125 0
90 92 0
70 105 0
31 93 0
28 119 0
58 151 0
87 131 0
97 93 0
81 95 0
53 131 0
61 131 0
44 95 0
37 76 0
26 50 0
52 120 0
124 48 0
147 115 0
150 112 0
139 140 0
161 172 0
180 151 0
189 128 0
170 81 0
134 79 0
70 147 0
58 105 0
89 94 0
120 165 0
88 149 0
65 136 0
89 75 0
81 90 0
83 205 1
78 200 1
49 220 1
61 257 1
85 236 1
80 209 1
56 224 1
50 239 1
33 254 1
47 277 1
76 283 1
90 255 1
91 216 1
111 258 1
88 298 1
72 288 1
62 262 1
67 263 1
69 262 1
79 259 1
84 268 1
77 258 1
98 262 1
84 322 1
57 309 1
53 266 1
79 238 1
64 279 1
77 239 1
87 240 1
84 259 1
63 287 1
125 204 1
118 216 1
105 279 1
105 294 1
72 294 1
71 261 1
103 213 1
144 231 1
86 279 1
88 262 1
81 255 1
52 235 1
61 317 1
65 322 1
127 306 1
109 285 1
57 275 1
50 252 1
60 320 1
172 260 1
165 249 1
77 253 1
61 244 1
107 236 1
138 196 1
142 251 1
46 246 1
37 214 1
55 220 1
126 230 1
144 232 1
148 202 1
40 219 1
49 258 1
100 226 1
81 196 1
48 217 1
54 198 1
24 241 1
26 263 1
28 278 1
86 244 1
81 323 2
79 374 2
69 380 2
45 382 2
83 414 2
55 449 2
47 414 2
55 386 2
116 411 2
70 428 2
84 451 2
84 455 2
89 444 2
67 402 2
60 412 2
48 474 2
50 492 2
108 457 2
103 393 2
66 405 2
61 476 2
108 477 2
134 431 2
63 399 2
17 454 2
31 481 2
37 442 2
49 414 2
81 386 2
121 417 2
143 392 2
138 460 2
81 466 2
87 409 2
106 435 2
55 459 2
38 432 2
40 402 2
67 418 2
97 407 2
92 431 2
40 429 2
43 399 2
85 394 2
89 381 2
53 387 2
83 395 2
83 387 2
114 399 2
122 423 2
161 421 2
155 391 2
54 398 2
113 433 2
85 402 2
89 415 2
134 410 2
151 414 2
94 379 2
64 390 2
58 388 2
28 372 2
44 411 2
87 399 2
50 441 2
50 398 2
34 424 2
31 410 2
22 398 2
23 410 2
21 431 2
27 393 2
62 374 2
83 405 2
64 459 2
74 506 2
103 458 2
137 457 2
103 496 2
66 504 2
61 494 2
69 447 2
74 434 2
301 43 3
244 71 3
242 88 3
291 45 3
269 50 3
270 108 3
308 78 3
338 74 3
277 44 3
282 103 3
282 76 3
282 81 3
289 43 3
320 63 3
305 84 3
276 121 3
279 129 3
307 144 3
305 100 3
331 90 3
311 123 3
265 107 3
249 125 3
288 126 3
265 85 3
242 87 3
215 137 3
247 174 3
312 174 3
353 83 3
336 174 3
336 147 3
324 119 3
346 121 3
348 112 3
349 103 3
329 64 3
286 63 3
232 107 3
260 143 3
290 151 3
332 76 3
289 77 3
253 81 3
247 137 3
321 139 3
336 86 3
356 132 3
324 164 3
262 146 3
253 127 3
301 167 3
327 124 3
296 80 3
295 127 3
306 96 3
245 151 3
282 183 3
322 172 3
281 137 3
241 78 3
222 118 3
260 131 3
310 106 3
300 182 4
221 241 4
245 272 4
291 239 4
253 217 4
284 207 4
284 253 4
251 240 4
328 241 4
318 276 4
309 250 4
319 212 4
345 222 4
338 266 4
255 237 4
238 227 4
218 263 4
273 273 4
284 313 4
263 292 4
298 319 4
277 290 4
286 260 4
324 281 4
305 292 4
300 285 4
346 311 4
305 352 4
264 333 4
241 304 4
236 303 4
249 283 4
226 300 4
235 329 4
280 314 4
291 309 4
260 308 4
281 290 4
260 301 4
219 268 4
214 299 4
260 314 4
313 316 4
318 322 4
324 305 4
341 262 4
354 281 4
335 305 4
312 230 4
244 241 4
260 293 4
282 252 4
279 240 4
302 225 4
321 233 4
262 276 4
263 247 4
260 300 4
317 273 4
344 311 4
347 300 4
365 276 4
377 279 4
351 247 4
313 247 4
284 232 4
271 252 4
224 295 4
196 311 4
205 271 4
235 249 4
296 288 4
289 274 4
297 362 5
242 375 5
235 395 5
264 395 5
261 404 5
284 373 5
265 417 5
223 431 5
213 454 5
214 437 5
236 407 5
328 406 5
314 426 5
276 397 5
303 398 5
292 434 5
235 450 5
276 433 5
287 449 5
274 427 5
301 439 5
295 454 5
307 415 5
323 451 5
213 468 5
199 438 5
199 456 5
289 525 5
313 489 5
355 432 5
315 499 5
256 498 5
260 481 5
298 514 5
269 496 5
274 478 5
285 499 5
298 496 5
283 481 5
245 446 5
296 462 5
306 470 5
287 458 5
310 460 5
228 448 5
224 478 5
272 464 5
267 454 5
270 439 5
243 440 5
235 486 5
277 456 5
300 435 5
268 439 5
231 401 5
239 435 5
246 427 5
248 421 5
296 425 5
347 409 5
372 409 5
365 433 5
343 474 5
299 486 5
296 436 5
329 487 5
291 499 5
237 434 5
310 445 5
299 499 5
209 456 5
215 418 5
268 429 5
278 465 5
227 457 5
192 474 5
189 428 5
252 470 5
247 459 5
301 436 5
269 447 5
561 52 6
505 61 6
466 110 6
546 104 6
489 85 6
516 147 6
525 81 6
501 103 6
490 122 6
449 92 6
489 115 6
453 88 6
403 107 6
434 136 6
466 94 6
433 132 6
470 124 6
476 117 6
514 153 6
534 121 6
529 98 6
525 110 6
495 162 6
491 137 6
475 93 6
562 118 6
533 151 6
527 82 6
500 146 6
487 78 6
463 86 6
417 95 6
449 89 6
511 106 6
510 122 6
529 127 6
557 114 6
539 46 6
495 77 6
488 142 6
429 25 6
466 55 6
471 84 6
459 69 6
466 43 6
501 53 6
482 192 6
424 176 6
457 152 6
495 188 6
521 135 6
553 157 6
569 118 6
545 206 6
534 178 6
506 154 6
469 110 6
458 157 6
463 151 6
509 218 6
547 190 6
529 150 6
519 175 6
513 188 6
478 114 6
472 140 6
448 143 6
452 139 6
474 162 6
497 123 6
488 227 7
450 243 7
422 292 7
448 294 7
469 233 7
437 279 7
480 289 7
501 281 7
476 252 7
471 283 7
445 258 7
409 298 7
423 267 7
423 292 7
472 318 7
497 282 7
524 244 7
530 289 7
521 242 7
539 269 7
543 208 7
550 260 7
513 292 7
504 251 7
488 286 7
531 288 7
548 258 7
544 347 7
465 343 7
436 320 7
511 333 7
538 291 7
529 330 7
491 340 7
510 324 7
542 316 7
553 308 7
505 325 7
505 314 7
484 311 7
517 294 7
527 303 7
552 262 7
541 292 7
537 290 7
536 296 7
515 287 7
527 272 7
512 319 7
510 312 7
523 322 7
524 319 7
569 314 7
568 344 7
527 328 7
505 278 7
476 332 7
482 346 7
423 293 7
461 258 7
512 260 7
517 255 7
549 280 7
538 351 7
429 351 7
423 362 7
506 377 7
537 334 7
534 291 7
454 385 7
452 365 7
524 374 7
507 350 7
488 367 7
514 361 7
515 355 7
459 346 7
498 361 7
548 373 7
549 328 7
567 299 7
576 304 7
562 356 7
487 284 7
497 312 7
495 293 7
458 410 8
460 412 8
481 435 8
506 435 8
469 439 8
513 397 8
503 434 8
464 435 8
454 444 8
489 459 8
527 430 8
471 448 8
514 480 8
520 450 8
465 444 8
515 482 8
517 465 8
510 433 8
489 446 8
506 471 8
441 458 8
454 422 8
427 442 8
409 469 8
433 486 8
466 498 8
507 511 8
514 507 8
515 418 8
442 417 8
406 466 8
369 471 8
426 502 8
494 482 8
522 424 8
482 488 8
444 486 8
449 501 8
488 507 8
533 475 8
517 464 8
536 403 8
538 461 8
508 509 8
569 495 8
519 555 8
488 539 8
440 523 8
460 497 8
510 501 8
539 502 8
520 509 8
462 488 8
474 460 8
457 455 8
448 484 8
502 493 8
490 468 8
519 497 8
546 483 8
535 517 8
507 540 8
465 505 8
474 498 8
494 489 8
495 469 8
666 74 9
681 67 9
639 118 9
624 123 9
636 74 9
621 119 9
669 119 9
640 72 9
634 98 9
544 121 9
616 119 9
668 62 9
649 109 9
649 99 9
687 93 9
695 106 9
703 81 9
678 61 9
659 95 9
682 117 9
626 110 9
623 135 9
707 137 9
727 108 9
740 97 9
690 92 9
676 133 9
653 134 9
637 151 9
674 165 9
689 130 9
711 102 9
704 153 9
691 162 9
649 123 9
663 156 9
748 85 9
732 43 9
632 63 9
640 139 9
710 152 9
724 43 9
643 88 9
660 127 9
727 44 9
621 86 9
646 138 9
711 134 9
735 77 9
714 88 9
657 50 9
602 110 9
638 177 9
697 174 9
745 93 9
670 41 9
587 98 9
604 165 9
664 175 9
720 120 9
707 56 9
608 76 9
617 179 9
728 187 9
754 124 9
695 33 9
673 106 9
678 216 10
646 252 10
672 268 10
689 266 10
638 320 10
637 271 10
673 245 10
704 227 10
730 255 10
648 355 10
648 301 10
710 286 10
700 354 10
725 272 10
713 331 10
677 377 10
630 343 10
627 295 10
624 352 10
676 355 10
721 315 10
689 286 10
682 337 10
694 320 10
703 299 10
699 332 10
652 284 10
603 280 10
567 321 10
626 322 10
628 301 10
616 292 10
713 286 10
717 257 10
700 365 10
725 350 10
734 254 10
726 336 10
687 353 10
631 363 10
675 397 10
679 384 10
695 394 10
733 370 10
678 407 10
646 381 10
652 346 10
717 286 10
688 322 10
687 303 10
665 320 10
674 308 10
717 282 10
713 339 10
736 290 10
689 410 10
665 426 10
669 298 10
678 338 10
688 466 11
658 469 11
631 490 11
688 412 11
692 452 11
625 477 11
676 458 11
708 419 11
663 456 11
627 482 11
612 516 11
638 521 11
662 531 11
698 546 11
723 518 11
725 466 11
706 470 11
641 503 11
659 505 11
679 506 11
684 508 11
669 483 11
682 499 11
703 490 11
699 486 11
698 529 11
693 514 11
695 496 11
722 490 11
702 514 11
725 488 11
735 492 11
720 491 11
722 447 11
714 424 11
730 465 11
598 494 11
636 484 11
610 485 11
678 504 11
706 460 11
724 538 11
747 546 11
745 517 11
740 516 11
738 541 11
731 562 11
738 546 11
738 571 11
756 573 11
757 556 11
728 549 11
693 559 11
666 580 11
704 579 11
657 600 11
635 597 11
686 625 11
712 629 11
739 618 11
753 603 11
758 602 11
712 595 11
722 609 11
688 583 11
689 585 11
