2.964635 1.156966
-3.350098 2.070898
-3.061630 1.093684
-2.732982 1.493639
3.546075 0.992206
-0.016527 -2.956714
0.265218 -3.710806
3.354554 0.141853
0.827888 -1.918248
1.472719 -3.922307
0.555261 -1.779310
-4.416464 2.292914
1.898939 -0.766042
5.497953 1.464077
-2.005483 0.901663
4.664366 2.645223
-0.113237 -5.061242
-3.198512 0.382629
4.086027 3.546269
3.448121 1.168664
0.684407 -3.697833
-3.349742 2.112089
-1.836871 -2.283715
0.665525 -2.014921
-0.992458 -2.302640
-1.693359 -3.130912
4.489956 1.758688
-3.980056 3.291984
-0.834255 -2.597719
1.864502 -0.543398
-2.766370 0.322160
-3.338345 2.825518
3.834842 1.134990
-2.043792 0.386663
-0.556778 -2.846976
-3.759619 2.185729
-3.365829 1.406729
-0.507612 -1.747378
3.674819 0.001484
4.934199 2.145533
-3.700238 1.887125
2.904439 1.716983
4.154455 3.310676
4.722545 2.300179
-3.660323 1.900583
0.013280 -3.859748
2.654093 1.369923
5.162362 3.072221
0.260600 -2.000223
3.125136 1.169850
-0.195139 -2.432952
0.090559 -1.669198
-0.689465 -2.562736
-2.643530 1.219685
-1.172520 -4.044293
0.552052 -3.439702
4.781191 2.524904
4.079418 0.441173
2.495846 -1.318424
-4.551694 0.910667
-3.390097 2.169660
-0.269255 -1.393929
4.995928 2.928921
3.869722 2.404629
1.028111 -3.213203
-3.499947 1.966129
-0.069330 -3.112030
-0.171728 -3.282097
-1.602362 -1.758430
-2.777293 1.690858
-2.909923 2.721164
-1.068641 0.369946
-4.407564 3.285010
-2.953411 1.417365
3.725718 0.305154
-1.327699 0.489202
-1.865079 -2.034943
4.829378 2.842880
-0.732254 -1.521632
-0.555182 -3.424524
2.103473 0.274038
-5.248228 2.139472
-1.034313 -2.422162
-3.236001 0.949623
-0.051835 -1.710124
0.406630 0.365881
4.636899 3.447241
2.008863 -0.577112
-2.727709 0.036712
-3.692528 2.221509
-4.761187 2.086229
4.731634 0.514301
1.417654 -2.367804
-4.043122 2.146494
-5.295264 3.595979
-0.135289 -2.986551
1.169709 -1.345933
3.104121 2.116219
5.230431 2.204194
-3.100113 -3.076996
-2.197625 0.751673
-3.040641 0.621149
1.232059 -3.608680
1.459166 -3.174421
3.976614 0.462512
-3.336389 0.536465
5.237492 1.590237
-4.199034 1.976525
-0.685470 -1.491406
0.465485 -3.158620
0.119237 -3.532530
-0.661052 -2.479101
-1.913139 1.190653
3.292535 0.920535
-3.025976 1.344463
-3.639077 2.173862
-5.142247 3.565794
-2.370055 1.359890
0.441794 -1.981945
0.392307 -3.058347
4.151374 2.141711
4.479966 1.807433
-0.213206 -1.925524
-0.350082 -2.632448
-3.348288 3.142890
0.868698 -2.840626
-4.370121 3.393129
-3.858131 1.177450
-1.844827 -3.246162
4.398443 1.394924
1.109999 -1.525266
4.969608 2.640743
-3.070969 1.596318
4.629422 2.046387
-3.501689 2.138272
-0.604337 -3.652271
4.565004 2.093960
-3.202976 1.408870
5.214243 0.704351
4.917870 0.336025
-3.078707 0.152103
-2.900157 2.595323
4.636199 2.207938
-1.737889 -1.357675
-4.189497 3.881881
4.266385 1.330754
0.385352 -3.023296
-0.042670 -3.600253
-0.112601 -0.822694
-0.545088 -3.017521
-4.536698 2.205598
2.166792 2.049848
4.139666 1.689854
-0.120926 -3.927970
-1.406386 0.743692
3.850068 2.929959
-2.489390 2.836831
1.003095 -3.526047
0.651842 -2.329152
-3.374640 0.745358
0.938497 -0.542711
-2.782963 -0.308096
-2.503355 -0.363792
3.722796 0.189831
3.563684 2.106492
-0.054592 -2.521269
0.069367 -2.344354
-0.800136 -3.201223
-2.804080 1.800287
-0.186584 -2.504764
0.150717 -6.186091
2.645563 1.450603
0.894206 -3.532526
3.146697 0.549413
1.160200 -1.031607
1.930773 -2.458584
-2.361982 1.581820
-2.815644 0.511592
