2
80 87 0
74 114 0
74 118 0
117 102 0
196 118 0
129 198 0
101 184 0
81 153 0
78 228 0
155 155 0
139 178 0
97 195 0
73 184 0
62 207 0
55 152 0
86 83 0
228 122 0
199 208 0
178 228 0
166 219 0
119 253 0
92 291 0
65 278 0
64 231 0
69 225 0
121 248 0
204 293 0
211 268 0
214 186 0
205 156 0
174 102 0
160 108 0
139 157 0
117 94 0
184 53 0
235 104 0
235 188 0
203 237 0
145 276 0
103 293 0
147 303 0
238 265 0
255 119 0
301 177 0
234 282 0
209 302 0
171 306 0
122 312 0
41 300 0
29 241 0
59 132 0
85 70 0
158 50 0
247 100 0
264 154 0
272 249 0
250 312 0
224 352 0
145 351 0
80 332 0
49 284 0
106 92 0
235 64 0
330 128 0
333 244 0
292 337 0
252 353 0
168 413 0
67 352 0
20 302 0
43 173 0
160 137 0
254 232 0
245 279 0
217 320 0
197 291 0
127 232 0
178 191 0
317 243 0
346 304 0
374 336 0
218 351 0
170 346 0
235 370 0
828 505 1
736 484 1
774 525 1
795 501 1
789 481 1
769 519 1
765 499 1
755 518 1
779 543 1
797 530 1
786 522 1
797 564 1
793 550 1
796 519 1
775 544 1
773 562 1
786 563 1
793 530 1
816 535 1
830 548 1
823 551 1
793 549 1
774 537 1
735 541 1
741 549 1
778 560 1
781 565 1
803 565 1
809 578 1
821 578 1
828 574 1
829 577 1
811 617 1
801 615 1
792 582 1
789 568 1
829 573 1
812 566 1
783 534 1
773 559 1
755 588 1
755 590 1
755 594 1
757 581 1
756 552 1
747 570 1
742 579 1
800 623 1
805 615 1
793 614 1
785 608 1
783 598 1
795 590 1
822 584 1
832 557 1
828 524 1
821 510 1
823 510 1
855 564 1
841 589 1
812 598 1
771 565 1
754 564 1
736 577 1
814 602 1
827 602 1
847 603 1
864 569 1
848 547 1
831 565 1
792 583 1
761 598 1
753 600 1
744 596 1
740 594 1
