429 109
395 151
406 184
436 187
437 206
421 213
410 214
381 208
373 180
370 179
399 200
408 199
424 189
433 156
421 143
407 156
422 169
465 155
474 161
451 151
449 126
375 105
353 112
356 172
360 210
433 228
455 214
476 179
412 164
377 123
376 150
376 156
359 162
354 146
353 143
341 152
344 192
348 214
403 233
459 225
496 202
508 165
505 113
460 96
468 104
502 125
472 130
482 150
425 68
417 81
413 98
401 134
400 123
389 88
365 74
348 101
327 139
322 166
311 218
330 249
333 278
323 295
357 312
386 275
396 247
472 254
473 249
518 203
532 233
525 259
529 260
501 283
472 275
408 244
304 223
333 264
353 274
353 261
322 299
284 303
266 331
243 378
212 423
276 432
294 377
309 360
311 398
337 290
301 378
125 375
125 378
127 404
132 443
185 468
195 438
198 483
233 462
233 449
179 406
175 386
161 418
164 448
160 478
230 497
257 480
259 442
245 418
220 413
201 389
195 411
216 397
252 414
310 435
325 461
341 464
286 496
237 510
195 525
113 494
132 478
144 499
159 506
177 494
185 505
201 514
222 518
231 516
256 504
272 500
277 487
282 478
293 464
304 458
283 441
276 448
456 390
489 394
525 415
526 424
471 448
439 427
438 422
461 428
461 422
461 419
481 420
481 427
488 407
435 377
481 351
491 435
487 449
421 428
396 401
437 378
500 374
546 368
552 400
542 441
526 473
481 488
446 489
412 487
419 457
443 456
460 465
453 469
443 466
425 468
418 437
420 427
390 435
390 451
515 480
520 466
540 437
562 334
559 305
585 322
559 430
546 463
532 478
453 340
399 307
419 302
465 322
484 284
494 292
496 309
517 330
544 291
651 408
647 436
607 468
597 481
605 488
629 445
609 427
610 439
562 465
562 473
781 416
832 356
829 325
803 326
789 374
797 429
815 428
818 404
811 369
809 360
801 408
798 431
798 413
784 354
800 336
794 306
824 294
842 326
856 362
856 399
842 434
820 478
781 444
759 413
760 329
765 322
766 371
773 397
762 427
757 446
828 469
869 473
884 370
883 324
855 278
837 270
741 290
723 371
724 433
742 472
761 479
803 488
839 498
908 460
910 400
910 262
852 241
806 230
775 258
782 306
805 281
794 301
788 325
750 356
744 368
743 402
743 411
