36 50
33 66
34 87
50 83
51 80
53 66
85 58
98 85
75 77
61 60
49 59
42 98
84 130
104 113
107 101
81 107
67 102
18 138
49 154
62 127
45 124
46 118
91 160
78 169
58 134
64 125
33 109
34 105
49 143
97 102
101 82
166 116
153 159
139 164
130 145
133 132
110 159
94 144
105 120
129 125
130 107
106 89
89 83
76 70
37 106
71 159
57 205
94 204
66 233
48 219
45 200
36 230
91 259
101 242
80 230
61 239
68 258
57 266
46 247
49 234
44 269
66 299
98 299
104 280
80 265
55 292
41 254
34 242
21 270
44 285
64 289
81 242
85 229
114 271
97 304
63 296
40 262
24 308
61 317
113 283
113 243
120 230
140 243
102 218
115 224
115 230
127 270
103 295
73 282
58 236
26 219
18 265
31 281
49 273
79 268
93 242
122 330
71 355
65 370
94 359
41 348
41 375
88 376
64 392
56 395
42 375
77 391
66 413
44 388
44 377
45 358
31 371
23 396
52 405
74 393
105 417
90 427
67 426
61 411
57 433
92 442
40 418
37 424
32 446
68 449
83 465
93 450
87 450
56 465
65 474
87 476
82 431
86 410
101 386
109 449
84 467
46 463
41 450
48 474
116 478
117 473
121 432
116 396
115 386
124 402
266 66
256 131
277 132
269 97
265 102
267 122
271 84
313 113
312 127
296 78
295 115
281 94
280 78
249 86
249 71
192 123
218 114
237 106
251 99
250 133
249 98
271 67
304 79
312 126
305 131
277 67
310 67
333 113
317 146
277 149
258 129
244 158
273 160
307 150
311 109
305 66
283 77
313 69
348 114
330 142
297 122
285 66
271 72
248 113
274 138
297 79
297 36
324 84
330 117
348 110
345 149
328 154
267 186
294 208
270 224
281 198
288 200
266 208
259 212
268 231
320 242
324 229
299 217
264 223
236 228
228 244
217 263
227 283
239 289
270 300
285 279
250 266
262 253
295 272
256 264
296 242
287 270
263 270
247 264
244 264
239 274
249 255
237 254
214 270
236 279
245 302
236 304
232 286
217 301
218 311
298 273
269 306
286 311
299 298
309 300
311 284
288 280
277 277
319 255
324 291
255 306
250 306
292 339
317 322
331 317
335 298
339 243
277 244
251 293
241 305
249 318
267 320
297 315
311 298
334 250
299 223
288 239
209 266
188 233
185 268
183 278
201 289
167 268
243 337
264 352
271 352
243 390
212 395
202 394
187 396
230 409
245 426
206 448
206 424
207 415
219 452
257 468
314 451
283 393
199 400
183 432
201 457
228 468
278 466
291 431
290 419
301 420
305 446
296 468
273 475
235 457
236 430
296 427
311 458
309 477
318 482
341 454
323 428
253 444
244 452
275 417
268 469
232 466
207 438
164 437
155 442
168 417
460 91
420 119
425 172
391 114
414 93
452 101
483 106
444 179
433 140
466 95
446 74
425 119
393 134
378 150
399 126
457 107
480 128
477 67
498 89
472 163
470 165
491 83
514 84
523 139
503 154
476 157
450 128
467 115
450 154
501 142
485 75
485 59
509 96
506 136
489 140
465 100
438 102
452 105
446 83
436 142
472 152
490 125
506 75
532 124
515 157
509 161
460 150
442 107
435 153
418 214
430 224
474 238
441 250
411 231
407 232
409 269
400 290
389 270
393 269
430 272
470 246
462 249
474 266
469 296
451 300
427 299
399 317
421 337
463 330
481 319
493 268
463 246
495 248
463 327
426 276
429 248
447 223
481 248
480 288
492 295
486 248
499 272
506 294
534 282
531 249
425 257
409 267
360 278
406 294
457 256
460 290
479 252
492 266
516 270
526 251
491 304
474 308
432 300
483 223
514 226
528 268
512 286
470 235
444 288
442 306
441 321
445 340
449 361
447 373
436 394
436 403
439 422
439 448
439 458
439 475
439 482
383 458
365 455
420 462
452 459
489 396
451 398
437 416
421 446
420 461
461 466
490 442
460 433
419 456
418 486
410 471
409 440
418 423
437 443
436 464
465 468
493 485
506 474
509 447
508 438
470 415
422 431
398 424
384 448
406 457
441 412
498 396
497 474
462 480
465 429
495 430
497 466
522 448
523 471
522 464
675 41
709 99
739 90
683 37
705 122
689 91
680 56
669 114
665 129
627 121
651 66
669 86
633 126
653 78
693 62
707 132
694 125
705 85
727 93
722 156
722 119
676 104
682 170
725 153
727 98
684 130
669 103
623 154
671 191
697 182
702 186
731 199
636 260
644 236
665 290
697 301
654 325
657 280
680 268
642 260
627 233
614 313
657 329
703 297
707 249
678 298
663 315
622 279
677 242
669 301
666 283
652 226
698 254
666 331
644 330
636 297
695 322
720 282
725 255
730 294
734 234
683 232
605 282
629 244
612 325
662 342
707 305
741 289
731 331
722 334
661 353
634 369
697 426
674 405
640 459
670 484
686 454
641 414
632 460
650 463
670 426
725 441
743 434
713 491
659 454
701 446
714 422
697 467
639 431
630 431
639 483
703 504
727 492
653 516
624 501
672 518
710 502
665 502
679 497
675 524
585 514
674 556
721 523
693 551
665 510
718 486
746 493
658 575
729 500
766 459
697 586
667 524
645 575
702 578
780 494
702 614
678 577
647 554
745 614
744 578
775 555
721 532
788 552
772 612
720 545
678 574
651 590
617 570
610 609
616 569
582 580
599 555
523 587
654 603
710 578
728 514
757 514
771 490
827 515
827 507
828 559
