2
128 98 0
106 126 0
115 143 0
135 130 0
125 158 0
157 118 0
193 211 0
78 251 0
91 159 0
124 115 0
125 212 0
98 226 0
137 167 0
143 157 0
139 199 0
109 214 0
101 186 0
93 201 0
97 168 0
202 181 0
167 214 0
161 167 0
168 173 0
166 199 0
132 200 0
121 179 0
170 150 0
177 143 0
133 115 0
118 118 0
86 205 0
164 250 0
247 193 0
222 99 0
113 70 0
96 134 0
86 224 0
114 214 0
183 219 0
190 230 0
231 113 0
266 174 0
187 277 0
69 291 0
94 226 0
139 315 0
157 291 0
129 270 0
108 287 0
152 244 0
158 277 0
251 263 0
260 170 0
261 216 0
227 278 0
229 253 0
229 241 0
215 256 0
207 239 0
157 272 0
142 253 0
109 253 0
104 272 0
81 173 0
85 139 0
68 201 0
63 222 0
40 251 0
39 109 0
77 73 0
114 109 0
43 153 0
25 192 0
42 191 0
193 244 0
277 135 0
238 182 0
213 124 0
190 170 0
217 186 0
224 256 0
280 233 0
297 133 0
319 192 0
247 305 0
179 333 0
35 337 0
25 322 0
53 278 0
90 333 0
115 346 0
171 326 0
279 166 0
312 187 0
246 326 0
187 373 0
169 94 0
285 79 0
328 144 0
299 256 0
230 71 0
155 67 0
150 71 0
173 78 0
301 82 0
277 253 0
252 272 0
285 150 0
332 275 0
287 325 0
262 325 0
390 338 0
364 302 0
347 328 0
305 278 0
297 312 0
212 354 0
297 331 0
355 254 0
286 338 0
249 358 0
184 388 0
331 376 0
356 293 0
361 270 0
237 384 0
208 402 0
331 374 0
330 323 0
242 388 0
165 387 0
73 366 0
45 381 0
154 398 0
201 375 0
292 338 0
342 148 0
347 123 0
340 275 0
323 310 0
461 335 1
415 326 1
404 365 1
423 344 1
433 346 1
435 354 1
505 354 1
448 361 1
443 343 1
471 365 1
468 346 1
451 358 1
444 381 1
501 410 1
472 356 1
465 324 1
466 319 1
509 346 1
492 366 1
481 376 1
441 361 1
451 316 1
453 374 1
448 363 1
435 354 1
453 342 1
431 376 1
422 389 1
421 372 1
408 377 1
409 398 1
441 394 1
454 380 1
457 360 1
453 382 1
453 384 1
491 368 1
488 365 1
477 329 1
484 368 1
493 349 1
493 346 1
494 368 1
495 380 1
487 421 1
478 424 1
458 412 1
493 386 1
453 410 1
453 401 1
462 389 1
468 386 1
487 401 1
473 416 1
473 420 1
409 434 1
421 406 1
421 409 1
431 437 1
437 431 1
447 423 1
460 428 1
466 419 1
475 405 1
491 420 1
490 362 1
469 315 1
487 311 1
542 356 1
526 410 1
497 441 1
461 448 1
422 434 1
421 396 1
481 402 1
513 367 1
522 388 1
522 381 1
519 343 1
516 332 1
486 323 1
493 351 1
493 336 1
517 332 1
459 418 1
421 425 1
432 443 1
473 397 1
493 397 1
