352 244
353 247
353 248
355 252
356 253
357 254
358 256
359 258
359 259
361 261
388 305
389 306
392 311
393 313
395 317
398 322
402 328
406 333
408 336
410 338
411 340
415 343
417 346
420 347
440 346
467 325
468 286
468 286
468 283
468 282
468 281
468 277
468 278
441 215
426 233
426 240
426 245
427 249
427 254
428 257
428 260
428 259
434 298
437 299
439 299
440 299
439 298
530 284
529 285
531 284
530 284
554 258
555 257
557 254
559 251
561 249
561 249
562 247
562 244
562 241
562 239
575 191
574 189
574 190
487 152
487 152
487 153
485 154
485 155
484 156
481 156
477 158
434 170
434 172
433 176
432 179
430 182
430 185
429 188
429 193
427 198
425 204
423 209
421 213
395 277
395 285
396 291
398 292
398 294
398 295
398 297
400 299
401 300
401 301
407 355
408 360
409 363
409 366
411 367
412 370
413 372
415 375
418 377
418 378
422 379
425 380
553 381
554 381
557 381
561 381
564 381
568 381
613 359
613 360
618 309
620 307
620 306
621 305
621 302
621 301
621 298
623 293
601 196
599 194
600 194
484 154
483 154
480 155
480 157
479 157
480 157
477 161
475 163
470 166
465 170
463 171
458 171
339 182
338 184
338 185
338 188
338 189
338 190
338 193
337 194
337 195
336 197
332 200
333 200
311 260
311 265
311 266
311 269
311 271
311 273
313 275
313 276
313 277
315 279
315 280
316 284
366 321
367 324
370 328
370 328
371 329
372 329
371 328
372 329
374 331
375 331
448 347
448 349
448 350
448 352
448 352
449 354
450 356
452 356
536 314
538 312
540 310
544 307
546 305
548 303
549 298
551 294
553 291
510 206
497 221
497 225
498 229
500 234
501 237
502 238
501 238
359 292
357 294
357 295
357 296
357 297
357 299
357 299
339 311
339 313
341 313
344 314
348 314
353 315
353 314
532 347
532 348
534 350
535 353
535 354
535 355
537 357
537 359
542 385
542 386
542 389
542 390
412 401
412 400
413 401
397 393
396 391
397 391
349 331
349 329
353 323
357 317
362 307
368 295
367 295
327 182
324 184
322 186
320 189
319 192
317 194
316 196
314 199
313 202
313 205
311 208
311 209
269 244
267 252
264 263
263 274
262 285
262 296
262 306
262 314
219 349
219 350
219 352
220 354
220 355
220 357
220 356
206 392
206 393
206 394
206 395
206 396
206 397
206 398
206 399
206 400
193 445
191 452
189 459
187 466
185 473
183 481
182 488
181 499
410 551
410 552
410 553
410 554
410 555
410 556
407 556
318 556
316 558
315 559
314 560
312 563
310 564
308 566
303 569
297 573
16 514
16 516
17 517
17 518
17 520
17 520
17 521
17 522
43 585
46 593
51 600
53 604
56 608
59 611
62 615
65 617
69 620
76 622
149 613
151 613
151 613
151 614
160 578
160 578
133 543
134 545
135 547
136 547
139 550
140 554
142 555
143 557
284 586
284 586
294 589
294 590
293 592
292 593
291 593
287 597
283 599
281 599
167 539
167 538
164 507
163 506
162 506
162 504
152 398
152 396
154 394
154 394
154 392
154 392
153 392
154 354
154 353
154 351
154 350
153 350
81 102
93 101
96 103
100 105
104 105
106 105
109 105
114 105
119 105
188 107
195 110
196 111
199 114
199 116
200 117
201 119
201 122
201 124
201 127
201 130
201 133
201 137
201 139
201 138
172 254
171 259
171 259
172 259
125 223
126 216
131 139
133 141
135 143
166 148
166 149
166 151
166 154
166 158
164 159
162 161
162 160
70 176
70 177
70 179
70 180
70 181
70 183
70 184
70 185
70 186
70 188
860 459
815 332
821 307
824 294
828 280
832 268
835 258
838 250
840 244
841 238
842 233
842 226
842 221
842 216
842 215
842 214
842 213
842 211
842 211
840 208
840 207
838 207
838 203
838 171
838 170
837 170
836 170
837 170
781 189
779 194
778 201
776 208
775 214
775 218
775 222
775 228
776 232
777 238
779 243
782 249
791 298
791 300
791 303
791 305
792 308
794 311
795 313
798 317
800 320
803 323
807 327
811 332
848 348
849 348
850 346
851 346
852 343
853 339
853 336
853 332
844 233
844 239
844 243
845 248
846 256
846 264
846 272
846 279
860 290
861 293
862 297
863 302
864 309
865 316
867 323
870 350
875 376
876 393
892 422
893 422
894 422
895 422
897 423
897 424
897 426
897 427
897 429
897 432
893 433
891 434
889 435
886 436
883 438
881 439
879 439
876 439
854 424
852 424
850 424
847 424
843 424
839 424
834 424
828 424
829 424
816 398
816 395
817 392
819 388
820 385
821 379
822 375
823 369
824 365
824 360
824 316
821 316
820 318
818 321
815 324
811 328
811 327
803 341
803 345
803 351
803 355
803 358
803 361
803 363
803 366
803 369
803 372
819 413
821 418
822 424
823 431
823 438
824 445
826 452
827 457
659 567
659 570
659 570
658 572
658 572
658 574
657 576
655 576
653 578
649 579
633 579
633 582
633 587
633 597
635 606
635 608
637 609
609 542
609 541
609 538
609 535
609 532
609 529
608 523
607 519
604 513
601 506
598 498
611 408
612 408
615 408
615 408
618 408
618 408
620 408
621 410
623 411
627 411
706 358
707 358
707 358
709 359
710 360
711 361
695 300
695 300
694 299
693 299
691 300
689 303
688 306
648 382
642 405
639 426
637 438
636 449
636 457
636 461
636 465
636 466
636 467
636 469
634 471
632 472
625 473
528 486
528 487
528 488
528 490
529 490
530 491
530 492
530 493
530 494
529 494
527 494
531 497
531 500
532 503
535 506
535 507
537 509
537 510
539 512
541 515
543 519
543 522
542 522
605 617
607 622
609 624
610 624
611 625
613 627
615 627
617 627
621 627
626 628
755 586
754 586
756 587
756 588
756 589
756 591
756 593
757 594
789 590
789 593
791 596
791 598
791 601
791 604
791 606
791 608
791 612
791 615
791 618
791 620
825 586
745 516
743 516
743 516
742 516
741 516
716 503
717 503
716 504
716 506
716 507
716 507
717 507
