2
-4.536698004159901 2.2055982194979427 0
-3.8581306437744303 1.177450189159491 0
-3.3658292538298262 1.4067294328723816 0
-4.189496981556565 3.881880717490231 0
-1.3276986147124146 0.4892018335693667 0
-4.407564403941999 3.2850099185326394 0
-4.37012106967228 3.3931291593120436 0
-3.9800563956851858 3.2919835071272785 0
-3.7002382435720715 1.8871245292358478 0
-3.202975624319902 1.4088695644171667 0
-4.7611866080117435 2.086228809065313 0
-3.3497422649718636 2.1120890144304605 0
-3.5016888035288165 2.1382720054178934 0
-5.248228471728783 2.1394721973216138 0
-5.295263634440592 3.595979340951382 0
-2.9099225883500055 2.7211635231221636 0
-3.3383448178499577 2.825518230183911 0
-2.953410686332338 1.4173650981725874 0
-5.142246700859704 3.565794236104493 0
-2.804080245554505 1.8002874778249134 0
-3.33638922536066 0.5364653744973255 0
-1.4063859789560966 0.7436918313545715 0
-4.551694058512993 0.9106672917454284 0
-2.8156439281288272 0.5115916655105722 0
-3.078707406455573 0.15210255127214645 0
-2.0437923584685653 0.3866625738462604 0
-3.759618746406042 2.1857288072562002 0
-2.6435303761393163 1.2196852395260043 0
-3.236000644965385 0.9496233545270696 0
-3.0259759206456915 1.3444634461706033 0
-3.061630166977964 1.0936835828333478 0
-3.63907725358999 2.1738624993842017 0
-3.1985118981960117 0.3826285143473359 0
-3.350098347966792 2.0708978787116776 0
-2.73298159809982 1.4936385904925151 0
-2.72770925909929 0.036712062065023414 0
-2.361982227959187 1.5818195136720306 0
-2.00548345616652 0.9016629065159499 0
-2.782963411654138 -0.3080957602763858 0
-2.9001569404520033 2.595322723707021 0
-2.766369651676003 0.3221602406906842 0
-2.1976248466647017 0.7516730509968375 0
-4.416463867294763 2.292913974920708 0
-1.0686410721225823 0.36994556432645104 0
-2.5033548723760575 -0.36379201686477747 0
-2.4893904725136884 2.8368310887744204 0
-3.6603232645967063 1.9005826355500286 0
-3.374639599300119 0.7453581840320619 0
-2.37005526802377 1.3598895062360865 0
-3.4999473241768304 1.9661293128501895 0
-3.040641361260563 0.6211492224789639 0
-4.199033712015917 1.9765248963688957 0
-4.0431220388710285 2.146494298046048 0
-3.348287931277728 3.1428899021859595 0
-3.0709685865677283 1.5963184842942364 0
-1.9131392378632954 1.190653177089979 0
-2.777293364374671 1.6908578525103513 0
-3.390097375668514 2.1696604925393164 0
-3.692528334053452 2.2215088932542293 0
1.9307725642713636 -2.4585840611830516 1
1.160199663142398 -1.0316065817518432 1
2.4958455356341402 -1.3184239772588335 1
-0.26925539276806115 -1.3939291279171766 1
-0.12092644066558665 -3.927970165087581 1
0.8686975247347335 -2.8406255293336162 1
-0.6854701500844013 -1.4914064444289805 1
-1.6933594561632146 -3.1309123471051166 1
-0.13528904849096227 -2.986551278678901 1
0.40662998147047047 0.3658806307278468 1
-0.1951389943341599 -2.432951569672086 1
0.9384966706118442 -0.5427105584028938 1
-0.834255231308311 -2.5977193151167137 1
0.5552606331660829 -1.7793103881026473 1
-1.8650787044670545 -2.0349432063656465 1
-0.21320618738175792 -1.9255238752378236 1
1.4591658394188083 -3.174421327241224 1
0.38535166037121904 -3.0232959398377814 1
1.109998816421705 -1.5252660139616339 1
-0.7322538918438549 -1.5216321719384285 1
-0.35008201883261103 -2.632447850446316 1
-0.11323728092552393 -5.0612416259719355 1
-1.6023617347669252 -1.7584302778950127 1
0.39230722458524403 -3.058347206295553 1
1.864502280966673 -0.543397886747237 1
-0.5076115847519799 -1.7473780307520161 1
-0.6894645471751668 -2.562735589226801 1
0.8942057013297485 -3.5325260747618685 1
0.5520523618128692 -3.4397021740189766 1
0.2606004285554572 -2.0002228559735737 1
-0.06933035099554875 -3.112030119315313 1
0.6518421207322515 -2.3291521636509693 1
1.4176537893276677 -2.3678041729634622 1
0.8278876724389027 -1.9182484567228602 1
-0.17172809810065742 -3.282097009769395 1
1.0030947712900486 -3.5260469867647593 1
-1.737889423512945 -1.3576745697118644 1
2.008862669505719 -0.577111674469773 1
-0.6043372760935939 -3.652271480914802 1
-1.844826828957735 -3.24616225217124 1
-1.1725195030942557 -4.044292839039974 1
-0.8001356044725451 -3.2012228221281753 1
0.06936741642823355 -2.3443537205320455 1
-0.051835246798310315 -1.7101242794191325 1
1.4727188632377266 -3.9223073222513367 1
-1.0343132399223673 -2.4221622603089656 1
-0.18658430785097926 -2.5047643071514885 1
-0.6610524567390504 -2.4791010960074753 1
0.4417940998893226 -1.9819450377661654 1
0.2652175321791371 -3.710805765300413 1
-1.8368708046597475 -2.283714870041106 1
0.6844070065634432 -3.6978327214784104 1
0.4654853774327129 -3.158620214278362 1
-0.11260121223164858 -0.8226941558211449 1
1.2320589814807488 -3.60868003269432 1
-0.016526582219726325 -2.956714053947863 1
0.1507172868701104 -6.186091309800942 1
0.11923699114727593 -3.532530087023405 1
-0.042669658929401416 -3.600253235195926 1
1.8989387324667106 -0.7660424174976667 1
-0.05459230579380835 -2.521269154256768 1
-0.9924584659231861 -2.3026395168951788 1
-3.100113201102325 -3.0769964270203847 1
0.665525212935925 -2.014920986456941 1
0.09055869679499284 -1.6691978607651001 1
-0.5567783637295806 -2.8469763146068137 1
-0.5551823643691958 -3.424523646138662 1
-0.5450880298533637 -3.017520559341833 1
1.0281113031236748 -3.213202997487322 1
0.013279561022034904 -3.8597478156421983 1
1.1697085175804711 -1.3459331352230925 1
2.103472552373989 0.27403784207892307 2
3.1466969140692242 0.5494128815428753 2
3.674819079933157 0.0014843093284239556 2
3.7227958934662073 0.18983061128538625 2
3.3545537902041547 0.1418532783283463 2
3.546074544760691 0.9922055265793047 2
3.834842496267412 1.1349895476249903 2
4.73163438785851 0.5143009870329456 2
3.448120845260409 1.1686643982725795 2
3.7257176757910027 0.3051536754548546 2
2.645562567485737 1.4506026276506858 2
2.166792331699761 2.0498483100543794 2
3.1251364004740583 1.1698497335997269 2
2.9646352472114126 1.1569657810462803 2
3.563683527040508 2.1064923271718747 2
2.6540932476640564 1.3699234946672363 2
4.479966066611176 1.8074329294012148 2
4.63619873295092 2.207937934452693 2
4.629422076528227 2.046386776205845 2
4.489956180815454 1.7586878641713648 2
4.1396662597365514 1.6898544648401255 2
5.237491732265731 1.5902371786920102 2
4.91787037036942 0.33602452585545894 2
4.664365780035111 2.645222871203021 2
4.0794175313804635 0.4411729380273705 2
4.722544589898962 2.300179337984746 2
4.7811914295320515 2.5249044682591224 2
4.398442859830215 1.3949237001049266 2
4.995928449666592 2.9289214919469204 2
5.230430861520017 2.204193557001171 2
5.214243194181173 0.7043514022125353 2
3.104121026852846 2.1162190955187357 2
3.2925347394829667 0.9205346303965174 2
2.9044394780810614 1.716983135755155 2
4.565004322702076 2.09396043419013 2
4.266384684164124 1.3307537772470228 2
4.969608003100411 2.640743478300222 2
4.934199424264728 2.145532595080609 2
3.869721741865012 2.4046290458354598 2
4.829378297610848 2.842879631137752 2
3.9766138280720047 0.4625121933345095 2
5.497952760090489 1.4640766270691163 2
4.154454924903001 3.310675898067733 2
4.086026594283931 3.5462688008726504 2
4.151374015971406 2.1417108862083767 2
4.636898760947319 3.4472413102745 2
3.850067575797794 2.929958711703545 2
5.162361839805989 3.0722210554754192 2
